action,trade_number,price,type,base_amount,quote_amount,quantity,trading_fee,date,quote_balance,base_balance,base_debt
sell,1,9275.25,short,1.0781380555780167,10000.0,100,0.0010781380555780168,2019-11-04 20:00:00,10000.0,0.0,1.0781380555780167
buy,1,9222.05,short,1.0781380555780167,10000.0,100,10.057356944556751,2019-11-07 10:00:00,10047.299587612195,0.0,0.0
buy,2,9222.05,long,1.088397079610779,10047.299587612195,100,10.047299587612196,2019-11-07 10:00:00,10037.252288024583,1.088397079610779,0.0
sell,2,9017.01,long,1.088397079610779,10047.299587612195,100,9.813863962495661,2019-11-10 17:00:00,9804.050098533166,0.0,0.0
sell,3,9017.01,short,1.0872839332032642,9804.050098533166,100,0.0010872839332032643,2019-11-10 17:00:00,9804.050098533166,0.0,1.0872839332032642
buy,3,8757.37,short,1.0872839332032642,9804.050098533166,100,10.08635249895006,2019-11-11 09:00:00,10076.26614645111,0.0,0.0
buy,4,8757.37,long,1.149453532316741,10076.26614645111,100,10.07626614645111,2019-11-11 09:00:00,10066.189880304659,1.149453532316741,0.0
sell,4,7321.93,long,1.149453532316741,10076.26614645111,100,8.414566678674284,2019-11-27 16:00:00,8406.15211199561,0.0,0.0
sell,5,7321.93,short,1.148078732246226,8406.15211199561,100,0.001148078732246226,2019-11-27 16:00:00,8406.15211199561,0.0,1.148078732246226
buy,5,7487.46,short,1.148078732246226,8406.15211199561,100,8.216110639446894,2019-12-01 01:00:00,8207.894528807446,0.0,0.0
buy,6,7487.46,long,1.0951225962180284,8207.894528807446,100,8.207894528807447,2019-12-01 01:00:00,8199.68663427864,1.0951225962180284,0.0
sell,6,7226.88,long,1.0951225962180284,8207.894528807446,100,7.914033935457326,2019-12-04 13:00:00,7906.119901521868,0.0,0.0
sell,7,7226.88,short,1.0939879867275875,7906.119901521868,100,0.0010939879867275875,2019-12-04 13:00:00,7906.119901521868,0.0,1.0939879867275875
buy,7,7373.79,short,1.0939879867275875,7906.119901521868,100,7.74540212639172,2019-12-09 20:00:00,7737.656724265327,0.0,0.0
buy,8,7373.79,long,1.0482966110427694,7737.656724265327,100,7.737656724265327,2019-12-09 20:00:00,7729.919067541062,1.0482966110427694,0.0
sell,8,6868.08,long,1.0482966110427694,7737.656724265327,100,7.199254323626708,2019-12-18 19:00:00,7192.055069303082,0.0,0.0
sell,9,6868.08,short,1.0471711263268748,7192.055069303082,100,0.001047171126326875,2019-12-18 19:00:00,7192.055069303082,0.0,1.0471711263268748
buy,9,7179.92,short,1.0471711263268748,7192.055069303082,100,6.865505225269309,2019-12-25 16:00:00,6858.63972004404,0.0,0.0
buy,10,7179.92,long,0.9542976913843044,6858.63972004404,100,6.85863972004404,2019-12-25 16:00:00,6851.781080323995,0.9542976913843044,0.0
sell,10,7310.1,long,0.9542976913843044,6858.63972004404,100,6.976135908616697,2019-12-26 17:00:00,6969.15977270808,0.0,0.0
sell,11,7310.1,short,0.9533603880532523,6969.15977270808,100,0.0009533603880532523,2019-12-26 17:00:00,6969.15977270808,0.0,0.9533603880532523
buy,11,7283.62,short,0.9533603880532523,6969.15977270808,100,6.99440475578373,2019-12-30 15:00:00,6987.4103510279465,0.0,0.0
buy,12,7283.62,long,0.9583727515544356,6987.4103510279465,100,6.987410351027947,2019-12-30 15:00:00,6980.422940676918,0.9583727515544356,0.0
sell,12,7241.98,long,0.9583727515544356,6987.4103510279465,100,6.940476352714229,2020-01-03 09:00:00,6933.535876361514,0.0,0.0
sell,13,7241.98,short,0.9574088683428447,6933.535876361514,100,0.0009574088683428447,2020-01-03 09:00:00,6933.535876361514,0.0,0.9574088683428447
buy,13,9038.0,short,0.9574088683428447,6933.535876361514,100,5.214010400640398,2020-01-19 11:00:00,5208.796390239758,0.0,0.0
buy,14,9038.0,long,0.5757454739820224,5208.796390239758,100,5.208796390239758,2020-01-19 11:00:00,5203.587593849518,0.5757454739820224,0.0
sell,14,8487.55,long,0.5757454739820224,5208.796390239758,100,4.886351261363628,2020-01-26 17:00:00,4881.464910102264,0.0,0.0
sell,15,8487.55,short,0.5751323892174143,4881.464910102264,100,0.0005751323892174143,2020-01-26 17:00:00,4881.464910102264,0.0,0.5751323892174143
buy,15,9166.85,short,0.5751323892174143,4881.464910102264,100,4.490777478106874,2020-02-04 12:00:00,4486.286700628767,0.0,0.0
buy,16,9166.85,long,0.4889139032413684,4486.286700628767,100,4.486286700628767,2020-02-04 12:00:00,4481.800413928138,0.4889139032413684,0.0
sell,16,9370.03,long,0.4889139032413684,4486.286700628767,100,4.581237377752544,2020-02-05 11:00:00,4576.656140374791,0.0,0.0
sell,17,9370.03,short,0.48843559096126593,4576.656140374791,100,0.000488435590961266,2020-02-05 11:00:00,4576.656140374791,0.0,0.48843559096126593
buy,17,10057.13,short,0.48843559096126593,4576.656140374791,100,4.241052045825306,2020-02-10 05:00:00,4236.810993779481,0.0,0.0
buy,18,10057.13,long,0.42085308460621484,4236.810993779481,100,4.236810993779481,2020-02-10 05:00:00,4232.574182785701,0.42085308460621484,0.0
sell,18,9861.31,long,0.42085308460621484,4236.810993779481,100,4.15008023781314,2020-02-11 15:00:00,4145.930157575326,0.0,0.0
sell,19,9861.31,short,0.42042387447259305,4145.930157575326,100,0.00042042387447259303,2020-02-11 15:00:00,4145.930157575326,0.0,0.42042387447259305
buy,19,10240.07,short,0.42042387447259305,4145.930157575326,100,3.9866904108800862,2020-02-15 15:00:00,3982.7037204692065,0.0,0.0
buy,20,10240.07,long,0.38854431822719354,3982.7037204692065,100,3.9827037204692064,2020-02-15 15:00:00,3978.7210167487374,0.38854431822719354,0.0
sell,20,10002.7,long,0.38854431822719354,3982.7037204692065,100,3.8863999308452453,2020-02-18 19:00:00,3882.5135309144002,0.0,0.0
sell,21,10002.7,short,0.38814655352198907,3882.5135309144002,100,0.00038814655352198906,2020-02-18 19:00:00,3882.5135309144002,0.0,0.38814655352198907
buy,21,10159.61,short,0.38814655352198907,3882.5135309144002,100,3.821609455201265,2020-02-19 21:00:00,3817.787845746064,0.0,0.0
buy,22,10159.61,long,0.3754051639679395,3817.787845746064,100,3.817787845746064,2020-02-19 21:00:00,3813.970057900318,0.3754051639679395,0.0
sell,22,9797.42,long,0.3754051639679395,3817.787845746064,100,3.677865957462332,2020-02-23 04:00:00,3674.188091504869,0.0,0.0
sell,23,9797.42,short,0.3750158808650511,3674.188091504869,100,0.0003750158808650511,2020-02-23 04:00:00,3674.188091504869,0.0,0.3750158808650511
buy,23,9606.48,short,0.3750158808650511,3674.188091504869,100,3.7457936237972422,2020-02-24 18:00:00,3742.0478301734447,0.0,0.0
buy,24,9606.48,long,0.3891441800059201,3742.0478301734447,100,3.742047830173445,2020-02-24 18:00:00,3738.3057823432714,0.3891441800059201,0.0
sell,24,8753.56,long,0.3891441800059201,3742.0478301734447,100,3.4060646872375164,2020-03-02 13:00:00,3402.658622550279,0.0,0.0
sell,25,8753.56,short,0.3887171188122637,3402.658622550279,100,0.0003887171188122637,2020-03-02 13:00:00,3402.658622550279,0.0,0.3887171188122637
buy,25,9047.97,short,0.3887171188122637,3402.658622550279,100,3.2882164156007607,2020-03-07 17:00:00,3284.92819918516,0.0,0.0
buy,26,9047.97,long,0.36269387177300266,3284.92819918516,100,3.2849281991851598,2020-03-07 17:00:00,3281.6432709859746,0.36269387177300266,0.0
sell,26,5173.71,long,0.36269387177300266,3284.92819918516,100,1.8750663343941096,2020-03-15 21:00:00,1873.1912680597154,0.0,0.0
sell,27,5173.71,short,0.36205957969420693,1873.1912680597154,100,0.00036205957969420694,2020-03-15 21:00:00,1873.1912680597154,0.0,0.36205957969420693
buy,27,4810.86,short,0.36205957969420693,1873.1912680597154,100,2.0045645865517585,2020-03-16 10:00:00,2002.5600219652067,0.0,0.0
buy,28,4810.86,long,0.4158419621321846,2002.5600219652067,100,2.002560021965207,2020-03-16 10:00:00,2000.5574619432416,0.4158419621321846,0.0
sell,28,5649.13,long,0.4158419621321846,2002.5600219652067,100,2.349494240318163,2020-03-19 12:00:00,2347.144746077845,0.0,0.0
sell,29,5649.13,short,0.4154878266348703,2347.144746077845,100,0.00041548782663487034,2020-03-19 12:00:00,2347.144746077845,0.0,0.4154878266348703
buy,29,6681.26,short,0.4154878266348703,2347.144746077845,100,1.918307295573196,2020-03-27 23:00:00,1916.3889882776227,0.0,0.0
buy,30,6681.26,long,0.2865436458526303,1916.3889882776227,100,1.9163889882776228,2020-03-27 23:00:00,1914.472599289345,0.2865436458526303,0.0
sell,30,6304.18,long,0.2865436458526303,1916.3889882776227,100,1.806314563275221,2020-03-30 11:00:00,1804.5082487119457,0.0,0.0
sell,31,6304.18,short,0.28623996280435293,1804.5082487119457,100,0.00028623996280435294,2020-03-30 11:00:00,1804.5082487119457,0.0,0.28623996280435293
buy,31,7148.89,short,0.28623996280435293,1804.5082487119457,100,1.5627184897314808,2020-04-10 05:00:00,1561.1557712417493,0.0,0.0
buy,32,7148.89,long,0.21815898908369097,1561.1557712417493,100,1.5611557712417494,2020-04-10 05:00:00,1559.5946154705075,0.21815898908369097,0.0
sell,32,6982.8,long,0.21815898908369097,1561.1557712417493,100,1.5233243186768037,2020-04-12 15:00:00,1521.800994358127,0.0,0.0
sell,33,6982.8,short,0.21793564105489588,1521.800994358127,100,0.00021793564105489587,2020-04-12 15:00:00,1521.800994358127,0.0,0.21793564105489588
buy,33,6783.5,short,0.21793564105489588,1521.800994358127,100,1.5652355676203678,2020-04-15 12:00:00,1563.6703320527472,0.0,0.0
buy,34,6783.5,long,0.2302803363633367,1563.6703320527472,100,1.5636703320527472,2020-04-15 12:00:00,1562.1066617206945,0.2302803363633367,0.0
sell,34,6900.0,long,0.2302803363633367,1563.6703320527472,100,1.5889611754207231,2020-04-16 08:00:00,1587.3722142453023,0.0,0.0
sell,35,6900.0,short,0.23005394409352206,1587.3722142453023,100,0.00023005394409352206,2020-04-16 08:00:00,1587.3722142453023,0.0,0.23005394409352206
buy,35,7081.92,short,0.23005394409352206,1587.3722142453023,100,1.5455208007358088,2020-04-20 11:00:00,1543.9752799350729,0.0,0.0
buy,36,7081.92,long,0.21779846491560734,1543.9752799350729,100,1.543975279935073,2020-04-20 11:00:00,1542.4313046551379,0.21779846491560734,0.0
sell,36,6974.52,long,0.21779846491560734,1543.9752799350729,100,1.5190163345530998,2020-04-22 13:00:00,1517.4973182185468,0.0,0.0
sell,37,6974.52,short,0.21757731259191265,1517.4973182185468,100,0.00021757731259191266,2020-04-22 13:00:00,1517.4973182185468,0.0,0.21757731259191265
buy,37,9540.89,short,0.21757731259191265,1517.4973182185468,100,0.9591134305020401,2020-05-10 00:00:00,958.154317071538,0.0,0.0
buy,38,9540.89,long,0.10032566801990868,958.154317071538,100,0.958154317071538,2020-05-10 00:00:00,957.1961627544665,0.10032566801990868,0.0
sell,38,9093.83,long,0.10032566801990868,958.154317071538,100,0.9122996731198516,2020-05-13 15:00:00,911.3873734467318,0.0,0.0
sell,39,9093.83,short,0.10022041026132353,911.3873734467318,100,0.00010022041026132353,2020-05-13 15:00:00,911.3873734467318,0.0,0.10022041026132353
buy,39,9771.21,short,0.10022041026132353,911.3873734467318,100,0.8435000719439165,2020-05-20 15:00:00,842.6565718719726,0.0,0.0
buy,40,9771.21,long,0.08615247398224996,842.6565718719726,100,0.8426565718719726,2020-05-20 15:00:00,841.8139153001006,0.08615247398224996,0.0
sell,40,8928.3,long,0.08615247398224996,842.6565718719726,100,0.7691224419824045,2020-05-27 10:00:00,768.3533195404221,0.0,0.0
sell,41,8928.3,short,0.08605818795744119,768.3533195404221,100,8.605818795744119e-05,2020-05-27 10:00:00,768.3533195404221,0.0,0.08605818795744119
buy,41,9583.03,short,0.08605818795744119,768.3533195404221,100,0.7120084421390466,2020-06-02 15:00:00,711.2964336969076,0.0,0.0
buy,42,9583.03,long,0.07415036134325058,711.2964336969076,100,0.7112964336969075,2020-06-02 15:00:00,710.5851372632106,0.07415036134325058,0.0
sell,42,9853.09,long,0.07415036134325058,711.2964336969076,100,0.730630228939245,2020-06-10 20:00:00,729.8995987103057,0.0,0.0
sell,43,9853.09,short,0.07407824334399724,729.8995987103057,100,7.407824334399723e-05,2020-06-10 20:00:00,729.8995987103057,0.0,0.07407824334399724
buy,43,9708.02,short,0.07407824334399724,729.8995987103057,100,0.7406461294722193,2020-06-11 13:00:00,739.9054833427471,0.0,0.0
buy,44,9708.02,long,0.07613968428777487,739.9054833427471,100,0.7399054833427471,2020-06-11 13:00:00,739.1655778594043,0.07613968428777487,0.0
sell,44,9454.39,long,0.07613968428777487,739.9054833427471,100,0.7198349390947312,2020-06-22 12:00:00,719.1151041556363,0.0,0.0
sell,45,9454.39,short,0.0760615020276968,719.1151041556363,100,7.606150202769681e-05,2020-06-22 12:00:00,719.1151041556363,0.0,0.0760615020276968
buy,45,9518.23,short,0.0760615020276968,719.1151041556363,100,0.7142593378661882,2020-06-24 10:00:00,713.5450785283219,0.0,0.0
buy,46,9518.23,long,0.07489118601355438,713.5450785283219,100,0.7135450785283219,2020-06-24 10:00:00,712.8315334497936,0.07489118601355438,0.0
sell,46,9222.01,long,0.07489118601355438,713.5450785283219,100,0.690625059855264,2020-07-01 15:00:00,689.9344347954087,0.0,0.0
sell,47,9222.01,short,0.0748138892492427,689.9344347954087,100,7.48138892492427e-05,2020-07-01 15:00:00,689.9344347954087,0.0,0.0748138892492427
buy,47,9194.63,short,0.0748138892492427,689.9344347954087,100,0.691982839083053,2020-07-02 15:00:00,691.29085624397,0.0,0.0
buy,48,9194.63,long,0.07510901095397271,691.29085624397,100,0.69129085624397,2020-07-02 15:00:00,690.599565387726,0.07510901095397271,0.0
sell,48,9075.88,long,0.07510901095397271,691.29085624397,100,0.6816714422137679,2020-07-04 17:00:00,680.989770771554,0.0,0.0
sell,49,9075.88,short,0.0750329192069038,680.989770771554,100,7.50329192069038e-05,2020-07-04 17:00:00,680.989770771554,0.0,0.0750329192069038
buy,49,9301.8,short,0.0750329192069038,680.989770771554,100,0.6640383336643304,2020-07-09 15:00:00,663.3742953306661,0.0,0.0
buy,50,9301.8,long,0.07124544937918849,663.3742953306661,100,0.663374295330666,2020-07-09 15:00:00,662.7109210353354,0.07124544937918849,0.0
sell,50,9197.4,long,0.07124544937918849,663.3742953306661,100,0.6552654506497627,2020-07-19 23:00:00,654.610185199113,0.0,0.0
sell,51,9197.4,short,0.07117339522029192,654.610185199113,100,7.117339522029192e-05,2020-07-19 23:00:00,654.610185199113,0.0,0.07117339522029192
buy,51,11549.72,short,0.07117339522029192,654.610185199113,100,0.4871875841545159,2020-08-07 18:00:00,486.70039657036136,0.0,0.0
buy,52,11549.72,long,0.042097444455258745,486.70039657036136,100,0.48670039657036135,2020-08-07 18:00:00,486.213696173791,0.042097444455258745,0.0
sell,52,11865.86,long,0.042097444455258745,486.70039657036136,100,0.4995357042719747,2020-08-10 02:00:00,499.0361685677027,0.0,0.0
sell,53,11865.86,short,0.04205646860553745,499.0361685677027,100,4.2056468605537456e-05,2020-08-10 02:00:00,499.0361685677027,0.0,0.04205646860553745
buy,53,11574.41,short,0.04205646860553745,499.0361685677027,100,0.5112935263427867,2020-08-11 15:00:00,510.78223281644387,0.0,0.0
buy,54,11574.41,long,0.04408617377331781,510.78223281644387,100,0.5107822328164439,2020-08-11 15:00:00,510.2714505836274,0.04408617377331781,0.0
sell,54,11890.4,long,0.04408617377331781,510.78223281644387,100,0.5242161853690436,2020-08-17 13:00:00,523.6919691836746,0.0,0.0
sell,55,11890.4,short,0.04404325919932674,523.6919691836746,100,4.404325919932674e-05,2020-08-17 13:00:00,523.6919691836746,0.0,0.04404325919932674
buy,55,11842.01,short,0.04404325919932674,523.6919691836746,100,0.5258232224963301,2020-08-19 04:00:00,525.2973992738337,0.0,0.0
buy,56,11842.01,long,0.0443144450878322,525.2973992738337,100,0.5252973992738337,2020-08-19 04:00:00,524.7721018745598,0.0443144450878322,0.0
sell,56,11758.12,long,0.0443144450878322,525.2973992738337,100,0.5210508418160831,2020-08-24 08:00:00,520.529790974267,0.0,0.0
sell,57,11758.12,short,0.044269814474955774,520.529790974267,100,4.4269814474955774e-05,2020-08-24 08:00:00,520.529790974267,0.0,0.044269814474955774
buy,57,11606.95,short,0.044269814474955774,520.529790974267,100,0.5272220588284462,2020-08-25 07:00:00,526.6948367696177,0.0,0.0
buy,58,11606.95,long,0.04533216236245078,526.6948367696177,100,0.5266948367696177,2020-08-25 07:00:00,526.1681419328481,0.04533216236245078,0.0
sell,58,11795.23,long,0.04533216236245078,526.6948367696177,100,0.5347118251456632,2020-09-01 06:00:00,534.1771133205175,0.0,0.0
sell,59,11795.23,short,0.04528755380950753,534.1771133205175,100,4.528755380950753e-05,2020-09-01 06:00:00,534.1771133205175,0.0,0.04528755380950753
buy,59,11750.0,short,0.04528755380950753,534.1771133205175,100,0.5362254693793215,2020-09-02 10:00:00,535.6892439099421,0.0,0.0
buy,60,11750.0,long,0.04554498337583252,535.6892439099421,100,0.5356892439099421,2020-09-02 10:00:00,535.1535546660322,0.04554498337583252,0.0
sell,60,10437.77,long,0.04554498337583252,535.6892439099421,100,0.47532823581190936,2020-09-13 03:00:00,474.85290757609744,0.0,0.0
sell,61,10437.77,short,0.04549371250526668,474.85290757609744,100,4.549371250526668e-05,2020-09-13 03:00:00,474.85290757609744,0.0,0.04549371250526668
buy,61,10857.11,short,0.04549371250526668,474.85290757609744,100,0.45577557417413894,2020-09-21 09:00:00,455.31979859996477,0.0,0.0
buy,62,10857.11,long,0.04189553931031045,455.31979859996477,100,0.4553197985999648,2020-09-21 09:00:00,454.8644788013648,0.04189553931031045,0.0
sell,62,10550.64,long,0.04189553931031045,455.31979859996477,100,0.442011900290423,2020-09-24 16:00:00,441.5698883901325,0.0,0.0
sell,63,10550.64,short,0.04185242680919191,441.5698883901325,100,4.185242680919192e-05,2020-09-24 16:00:00,441.5698883901325,0.0,0.04185242680919191
buy,63,10727.0,short,0.04185242680919191,441.5698883901325,100,0.4341887943980634,2020-10-01 16:00:00,433.75460560366537,0.0,0.0
buy,64,10727.0,long,0.04039534361872487,433.75460560366537,100,0.43375460560366536,2020-10-01 16:00:00,433.3208509980617,0.04039534361872487,0.0
sell,64,10675.58,long,0.04039534361872487,433.75460560366537,100,0.43124164322141023,2020-10-05 00:00:00,430.8104015781888,0.0,0.0
sell,65,10675.58,short,0.04035475370688888,430.8104015781888,100,4.035475370688888e-05,2020-10-05 00:00:00,430.8104015781888,0.0,0.04035475370688888
buy,65,10579.06,short,0.04035475370688888,430.8104015781888,100,0.43470544240597775,2020-10-06 20:00:00,434.2707369635718,0.0,0.0
buy,66,10579.06,long,0.04100898059247308,434.2707369635718,100,0.43427073696357177,2020-10-06 20:00:00,433.8364662266082,0.04100898059247308,0.0
sell,66,10736.77,long,0.04100898059247308,434.2707369635718,100,0.4403104665561768,2020-10-08 14:00:00,439.8701560896206,0.0,0.0
sell,67,10736.77,short,0.04096857398357426,439.8701560896206,100,4.096857398357426e-05,2020-10-08 14:00:00,439.8701560896206,0.0,0.04096857398357426
buy,67,13294.88,short,0.04096857398357426,439.8701560896206,100,0.3350680372964995,2020-10-28 13:00:00,334.732969259203,0.0,0.0
buy,68,13294.88,long,0.025152407264296014,334.732969259203,100,0.334732969259203,2020-10-28 13:00:00,334.3982362899438,0.025152407264296014,0.0
sell,68,13752.26,long,0.025152407264296014,334.732969259203,100,0.3459139600482458,2020-10-31 09:00:00,345.5680460881976,0.0,0.0
sell,69,13752.26,short,0.02512809138921149,345.5680460881976,100,2.5128091389211493e-05,2020-10-31 09:00:00,345.5680460881976,0.0,0.02512809138921149
buy,69,13745.64,short,0.02512809138921149,345.5680460881976,100,0.3457343940531942,2020-11-02 08:00:00,345.388659659141,0.0,0.0
buy,70,13745.64,long,0.02510201569366591,345.388659659141,100,0.345388659659141,2020-11-02 08:00:00,345.0432709994819,0.02510201569366591,0.0
sell,70,13834.67,long,0.02510201569366591,345.388659659141,100,0.3472803405262157,2020-11-03 23:00:00,346.9330601856895,0.0,0.0
sell,71,13834.67,short,0.025077075216516875,346.9330601856895,100,2.5077075216516874e-05,2020-11-03 23:00:00,346.9330601856895,0.0,0.025077075216516875
buy,71,15236.38,short,0.025077075216516875,346.9330601856895,100,0.3117822730839457,2020-11-07 18:00:00,311.4704908108617,0.0,0.0
buy,72,15236.38,long,0.020422109472200804,311.4704908108617,100,0.3114704908108617,2020-11-07 18:00:00,311.15902032005084,0.020422109472200804,0.0
sell,72,15700.01,long,0.020422109472200804,311.4704908108617,100,0.32063680071504236,2020-11-11 16:00:00,320.3161639143273,0.0,0.0
sell,73,15700.01,short,0.020402290438944135,320.3161639143273,100,2.0402290438944134e-05,2020-11-11 16:00:00,320.3161639143273,0.0,0.020402290438944135
buy,73,15984.32,short,0.020402290438944135,320.3161639143273,100,0.31451558871963115,2020-11-14 09:00:00,314.2010731309115,0.0,0.0
buy,74,15984.32,long,0.019637173934066672,314.2010731309115,100,0.3142010731309115,2020-11-14 09:00:00,313.8868720577806,0.019637173934066672,0.0
sell,74,16247.14,long,0.019637173934066672,314.2010731309115,100,0.3190530803193936,2020-11-16 10:00:00,318.7340272390742,0.0,0.0
sell,75,16247.14,short,0.019617854418628396,318.7340272390742,100,1.9617854418628397e-05,2020-11-16 10:00:00,318.7340272390742,0.0,0.019617854418628396
buy,75,18186.82,short,0.019617854418628396,318.7340272390742,100,0.2806816673803491,2020-11-22 11:00:00,280.40098571296875,0.0,0.0
buy,76,18186.82,long,0.015402394961145257,280.40098571296875,100,0.28040098571296873,2020-11-22 11:00:00,280.1205847272558,0.015402394961145257,0.0
sell,76,19084.81,long,0.015402394961145257,280.40098571296875,100,0.2939656264201075,2020-11-24 12:00:00,293.67166079368735,0.0,0.0
sell,77,19084.81,short,0.015387717288968941,293.67166079368735,100,1.538771728896894e-05,2020-11-24 12:00:00,293.67166079368735,0.0,0.015387717288968941
buy,77,18404.58,short,0.015387717288968941,293.67166079368735,100,0.3041388477251627,2020-11-26 03:00:00,303.83470887743755,0.0,0.0
buy,78,18404.58,long,0.016492138053058537,303.83470887743755,100,0.3038347088774376,2020-11-26 03:00:00,303.5308741685601,0.016492138053058537,0.0
sell,78,17755.95,long,0.016492138053058537,303.83470887743755,100,0.29282287065969587,2020-11-28 19:00:00,292.5300477890362,0.0,0.0
sell,79,17755.95,short,0.016475043452422213,292.5300477890362,100,1.6475043452422213e-05,2020-11-28 19:00:00,292.5300477890362,0.0,0.016475043452422213
buy,79,18781.57,short,0.016475043452422213,292.5300477890362,100,0.27563291372336296,2020-12-08 22:00:00,275.3572808096396,0.0,0.0
buy,80,18781.57,long,0.014646375331179977,275.3572808096396,100,0.27535728080963956,2020-12-08 22:00:00,275.0819235288299,0.014646375331179977,0.0
sell,80,18700.61,long,0.014646375331179977,275.3572808096396,100,0.2738949660245133,2020-12-12 19:00:00,273.6210710584888,0.0,0.0
sell,81,18700.61,short,0.014631665547727522,273.6210710584888,100,1.4631665547727521e-05,2020-12-12 19:00:00,273.6210710584888,0.0,0.014631665547727522
buy,81,23450.21,short,0.014631665547727522,273.6210710584888,100,0.2041265123730022,2020-12-21 10:00:00,203.9223858606292,0.0,0.0
buy,82,23450.21,long,0.008687276722671932,203.9223858606292,100,0.2039223858606292,2020-12-21 10:00:00,203.71846347476855,0.008687276722671932,0.0
sell,82,23850.0,long,0.008687276722671932,203.9223858606292,100,0.20719502639864945,2020-12-23 00:00:00,206.9878313722508,0.0,0.0
sell,83,23850.0,short,0.008678735068018901,206.9878313722508,100,8.678735068018902e-06,2020-12-23 00:00:00,206.9878313722508,0.0,0.008678735068018901
buy,83,31013.44,short,0.008678735068018901,206.9878313722508,100,0.14481823343660152,2021-01-04 10:00:00,144.67341520316492,0.0,0.0
buy,84,31013.44,long,0.004660197056113794,144.67341520316492,100,0.14467341520316493,2021-01-04 10:00:00,144.52874178796176,0.004660197056113794,0.0
sell,84,34228.19,long,0.004660197056113794,144.67341520316492,100,0.15952510663895458,2021-01-06 04:00:00,159.36558153231562,0.0,0.0
sell,85,34228.19,short,0.004655974549992729,159.36558153231562,100,4.655974549992728e-06,2021-01-06 04:00:00,159.36558153231562,0.0,0.004655974549992729
buy,85,38090.25,short,0.004655974549992729,159.36558153231562,100,0.1413839284617707,2021-01-10 19:00:00,141.24254453330892,0.0,0.0
buy,86,38090.25,long,0.0037043942213237147,141.24254453330892,100,0.14124254453330892,2021-01-10 19:00:00,141.10130198877562,0.0037043942213237147,0.0
sell,86,37420.4,long,0.0037043942213237147,141.24254453330892,100,0.13861742964728044,2021-01-14 00:00:00,138.47881221763316,0.0,0.0
sell,87,37420.4,short,0.003700623515986819,138.47881221763316,100,3.700623515986819e-06,2021-01-14 00:00:00,138.47881221763316,0.0,0.003700623515986819
buy,87,36899.32,short,0.003700623515986819,138.47881221763316,100,0.14040713311934358,2021-01-15 15:00:00,140.26672598622423,0.0,0.0
buy,88,36899.32,long,0.0037975350022774945,140.26672598622423,100,0.14026672598622422,2021-01-15 15:00:00,140.126459260238,0.0037975350022774945,0.0
sell,88,34188.2,long,0.0037975350022774945,140.26672598622423,100,0.12982058028588908,2021-01-25 13:00:00,129.69075970560317,0.0,0.0
sell,89,34188.2,short,0.0037934363232227254,129.69075970560317,100,3.7934363232227253e-06,2021-01-25 13:00:00,129.69075970560317,0.0,0.0037934363232227254
buy,89,30315.38,short,0.0037934363232227254,129.69075970560317,100,0.1443820557669066,2021-01-27 14:00:00,144.2376737111397,0.0,0.0
buy,90,30315.38,long,0.004753146291995303,144.2376737111397,100,0.1442376737111397,2021-01-27 14:00:00,144.09343603742857,0.004753146291995303,0.0
sell,90,32642.9,long,0.004753146291995303,144.2376737111397,100,0.1551675532121482,2021-01-28 21:00:00,155.01238565893604,0.0,0.0
sell,91,32642.9,short,0.004748732056861861,155.01238565893604,100,4.748732056861861e-06,2021-01-28 21:00:00,155.01238565893604,0.0,0.004748732056861861
buy,91,54568.73,short,0.004748732056861861,155.01238565893604,100,0.050892493864632515,2021-02-22 12:00:00,50.84160137076788,0.0,0.0
buy,92,54568.73,long,0.0009307667554182974,50.84160137076788,100,0.05084160137076788,2021-02-22 12:00:00,50.79075976939711,0.0009307667554182974,0.0
sell,92,48171.62,long,0.0009307667554182974,50.84160137076788,100,0.044830582273146916,2021-03-01 15:00:00,44.78575169087377,0.0,0.0
sell,93,48171.62,short,0.0009297123844054604,44.78575169087377,100,9.297123844054605e-07,2021-03-01 15:00:00,44.78575169087377,0.0,0.0009297123844054604
buy,93,57776.96,short,0.0009297123844054604,44.78575169087377,100,0.035855548136448624,2021-03-15 09:00:00,35.81969258831218,0.0,0.0
buy,94,57776.96,long,0.0006193450277709985,35.81969258831218,100,0.03581969258831218,2021-03-15 09:00:00,35.78387289572387,0.0006193450277709985,0.0
sell,94,58323.73,long,0.0006193450277709985,35.81969258831218,100,0.03612285115481731,2021-03-17 23:00:00,36.0867283036625,0.0,0.0
sell,95,58323.73,short,0.0006187314889439083,36.0867283036625,100,6.187314889439083e-07,2021-03-17 23:00:00,36.0867283036625,0.0,0.0006187314889439083
buy,95,57236.36,short,0.0006187314889439083,36.0867283036625,100,0.03675951836279543,2021-03-21 09:00:00,36.72275884443264,0.0,0.0
buy,96,57236.36,long,0.0006409568338305966,36.72275884443264,100,0.03672275884443264,2021-03-21 09:00:00,36.686036085588206,0.0006409568338305966,0.0
sell,96,54991.13,long,0.0006409568338305966,36.72275884443264,100,0.03524550003751867,2021-03-27 16:00:00,35.21025453748115,0.0,0.0
sell,97,54991.13,short,0.0006402897074033785,35.21025453748115,100,6.402897074033786e-07,2021-03-27 16:00:00,35.21025453748115,0.0,0.0006402897074033785
buy,97,58086.92,short,0.0006402897074033785,35.21025453748115,100,0.03322805206419884,2021-04-03 21:00:00,33.194824012134646,0.0,0.0
buy,98,58086.92,long,0.0005708966698203746,33.194824012134646,100,0.033194824012134645,2021-04-03 21:00:00,33.16162918812251,0.0005708966698203746,0.0
sell,98,58150.0,long,0.0005708966698203746,33.194824012134646,100,0.03319767739826492,2021-04-05 14:00:00,33.16447972086666,0.0,0.0
sell,99,58150.0,short,0.0005703263924482658,33.16447972086666,100,5.703263924482658e-07,2021-04-05 14:00:00,33.16447972086666,0.0,0.0005703263924482658
buy,99,56841.6,short,0.0005703263924482658,33.16447972086666,100,0.03391069477274597,2021-04-07 11:00:00,33.87678407797323,0.0,0.0
buy,100,56841.6,long,0.000595389772523913,33.87678407797323,100,0.033876784077973225,2021-04-07 11:00:00,33.84290729389525,0.000595389772523913,0.0
sell,100,58699.56,long,0.000595389772523913,33.87678407797323,100,0.03495022499335324,2021-04-10 03:00:00,34.915274768359886,0.0,0.0
sell,101,58699.56,short,0.0005948132280439561,34.915274768359886,100,5.948132280439562e-07,2021-04-10 03:00:00,34.915274768359886,0.0,0.0005948132280439561
buy,101,61262.92,short,0.0005948132280439561,34.915274768359886,100,0.03339055433212113,2021-04-16 09:00:00,33.35716377778901,0.0,0.0
buy,102,61262.92,long,0.0005439474091997448,33.35716377778901,100,0.033357163777789016,2021-04-16 09:00:00,33.323806614011225,0.0005439474091997448,0.0
sell,102,52660.59,long,0.0005439474091997448,33.35716377778901,100,0.028639907598414387,2021-04-26 09:00:00,28.61126769081597,0.0,0.0
sell,103,52660.59,short,0.0005433146056817057,28.61126769081597,100,5.433146056817057e-07,2021-04-26 09:00:00,28.61126769081597,0.0,0.0005433146056817057
buy,103,57211.36,short,0.0005433146056817057,28.61126769081597,100,0.026138767882717833,2021-05-04 00:00:00,26.112629114835116,0.0,0.0
buy,104,57211.36,long,0.00045596742475131305,26.112629114835116,100,0.026112629114835115,2021-05-04 00:00:00,26.08651648572028,0.00045596742475131305,0.0
sell,104,37657.41,long,0.00045596742475131305,26.112629114835116,100,0.017161627371390015,2021-05-24 12:00:00,17.144465744018625,0.0,0.0
sell,105,37657.41,short,0.00045527469212616116,17.144465744018625,100,4.5527469212616116e-07,2021-05-24 12:00:00,17.144465744018625,0.0,0.00045527469212616116
buy,105,37023.56,short,0.00045527469212616116,17.144465744018625,100,0.017433041607622796,2021-05-28 08:00:00,17.41560856601517,0.0,0.0
buy,106,37023.56,long,0.0004699222051431347,17.41560856601517,100,0.01741560856601517,2021-05-28 08:00:00,17.398192957449155,0.0004699222051431347,0.0
sell,106,37984.44,long,0.0004699222051431347,17.41560856601517,100,0.01785018379676641,2021-06-03 05:00:00,17.83233361296964,0.0,0.0
sell,107,37984.44,short,0.0004694641704068729,17.83233361296964,100,4.694641704068729e-07,2021-06-03 05:00:00,17.83233361296964,0.0,0.0004694641704068729
buy,107,35654.82,short,0.0004694641704068729,17.83233361296964,100,0.018926006733632903,2021-06-07 20:00:00,18.90708072689927,0.0,0.0
buy,108,35654.82,long,0.0005297509185622694,18.90708072689927,100,0.01890708072689927,2021-06-07 20:00:00,18.888173646172373,0.0005297509185622694,0.0
sell,108,34692.08,long,0.0005297509185622694,18.90708072689927,100,0.018377650723913477,2021-06-09 15:00:00,18.359273073189563,0.0,0.0
sell,109,34692.08,short,0.0005292064665246236,18.359273073189563,100,5.292064665246236e-07,2021-06-09 15:00:00,18.359273073189563,0.0,0.0005292064665246236
buy,109,36687.15,short,0.0005292064665246236,18.359273073189563,100,0.017303469128020284,2021-06-18 15:00:00,17.286165658892262,0.0,0.0
buy,110,36687.15,long,0.00047070648696432866,17.286165658892262,100,0.017286165658892263,2021-06-18 15:00:00,17.26887949323337,0.00047070648696432866,0.0
sell,110,34413.09,long,0.00047070648696432866,17.286165658892262,100,0.01619739321320724,2021-06-27 23:00:00,16.181195819994034,0.0,0.0
sell,111,34413.09,short,0.00047020467560437133,16.181195819994034,100,4.7020467560437133e-07,2021-06-27 23:00:00,16.181195819994034,0.0,0.00047020467560437133
buy,111,34496.04,short,0.00047020467560437133,16.181195819994034,100,0.01614219234215265,2021-07-05 11:00:00,16.1260501498105,0.0,0.0
buy,112,34496.04,long,0.0004670079261173366,16.1260501498105,100,0.0161260501498105,2021-07-05 11:00:00,16.109924099660688,0.0004670079261173366,0.0
sell,112,33855.96,long,0.0004670079261173366,16.1260501498105,100,0.0158107024446565,2021-07-11 21:00:00,15.79489174221184,0.0,0.0
sell,113,33855.96,short,0.00046653208895012404,15.79489174221184,100,4.6653208895012404e-07,2021-07-11 21:00:00,15.79489174221184,0.0,0.00046653208895012404
buy,113,33344.65,short,0.00046653208895012404,15.79489174221184,100,0.016033434264612928,2021-07-12 16:00:00,16.017400830348315,0.0,0.0
buy,114,33344.65,long,0.0004798785841062349,16.017400830348315,100,0.016017400830348315,2021-07-12 16:00:00,16.001383429517965,0.0004798785841062349,0.0
sell,114,30848.7,long,0.0004798785841062349,16.017400830348315,100,0.014802431525614104,2021-07-21 09:00:00,14.787629094088489,0.0,0.0
sell,115,30848.7,short,0.00047935987883082555,14.787629094088489,100,4.793598788308256e-07,2021-07-21 09:00:00,14.787629094088489,0.0,0.00047935987883082555
buy,115,41080.9,short,0.00047935987883082555,14.787629094088489,100,0.009882722941915717,2021-08-01 22:00:00,9.872840218973801,0.0,0.0
buy,116,41080.9,long,0.00024008644841653487,9.872840218973801,100,0.009872840218973802,2021-08-01 22:00:00,9.862967378754828,0.00024008644841653487,0.0
sell,116,39311.1,long,0.00024008644841653487,9.872840218973801,100,0.00943763705202051,2021-08-04 16:00:00,9.42819941496849,0.0,0.0
sell,117,39311.1,short,0.00023983555318900996,9.42819941496849,100,2.3983555318900997e-07,2021-08-04 16:00:00,9.42819941496849,0.0,0.00023983555318900996
buy,117,38465.46,short,0.00023983555318900996,9.42819941496849,100,0.009631013952167243,2021-08-05 09:00:00,9.621382938215076,0.0,0.0
buy,118,38465.46,long,0.00024988032263950204,9.621382938215076,100,0.009621382938215076,2021-08-05 09:00:00,9.61176155527686,0.00024988032263950204,0.0
sell,118,39769.41,long,0.00024988032263950204,9.621382938215076,100,0.009937919159586951,2021-08-05 17:00:00,9.927981240427364,0.0,0.0
sell,119,39769.41,short,0.00024963863533372416,9.927981240427364,100,2.496386353337242e-07,2021-08-05 17:00:00,9.927981240427364,0.0,0.00024963863533372416
buy,119,44593.5,short,0.00024963863533372416,9.927981240427364,100,0.0087237019961003,2021-08-12 13:00:00,8.714978294104199,0.0,0.0
buy,120,44593.5,long,0.00019523615136309315,8.714978294104199,100,0.0087149782941042,2021-08-12 13:00:00,8.706263315810094,0.00019523615136309315,0.0
sell,120,46163.0,long,0.00019523615136309315,8.714978294104199,100,0.009012993185243904,2021-08-13 12:00:00,9.003980192058659,0.0,0.0
sell,121,46163.0,short,0.00019504755306324673,9.003980192058659,100,1.9504755306324674e-07,2021-08-13 12:00:00,9.003980192058659,0.0,0.00019504755306324673
buy,121,44993.83,short,0.00019504755306324673,9.003980192058659,100,0.009232023939673616,2021-08-17 21:00:00,9.222791915733941,0.0,0.0
buy,122,44993.83,long,0.00020477405732782043,9.222791915733941,100,0.009222791915733941,2021-08-17 21:00:00,9.213569123818207,0.00020477405732782043,0.0
sell,122,46760.73,long,0.00020477405732782043,9.222791915733941,100,0.009575746583170085,2021-08-20 00:00:00,9.566170836586915,0.0,0.0
sell,123,46760.73,short,0.00020457702085888981,9.566170836586915,100,2.045770208588898e-07,2021-08-20 00:00:00,9.566170836586915,0.0,0.00020457702085888981
buy,123,48533.1,short,0.00020457702085888981,9.566170836586915,100,0.009203584662127244,2021-08-24 15:00:00,9.194381077465117,0.0,0.0
buy,124,48533.1,long,0.00018925613027784443,9.194381077465117,100,0.009194381077465117,2021-08-24 15:00:00,9.185186696387651,0.00018925613027784443,0.0
sell,124,48332.44,long,0.00018925613027784443,9.194381077465117,100,0.00914717254713685,2021-08-27 20:00:00,9.138025374589713,0.0,0.0
sell,125,48332.44,short,0.00018906608841990415,9.138025374589713,100,1.8906608841990415e-07,2021-08-27 20:00:00,9.138025374589713,0.0,0.00018906608841990415
buy,125,46999.61,short,0.00018906608841990415,9.138025374589713,100,0.009390018329218415,2021-08-31 00:00:00,9.380628310889195,0.0,0.0
buy,126,46999.61,long,0.00019938990307745755,9.380628310889195,100,0.009380628310889195,2021-08-31 00:00:00,9.371247682578305,0.00019938990307745755,0.0
sell,126,48803.24,long,0.00019938990307745755,9.380628310889195,100,0.009731233279062385,2021-09-02 01:00:00,9.721502045783323,0.0,0.0
sell,127,48803.24,short,0.0001991978820624066,9.721502045783323,100,1.9919788206240659e-07,2021-09-02 01:00:00,9.721502045783323,0.0,0.0001991978820624066
buy,127,50597.61,short,0.0001991978820624066,9.721502045783323,100,0.009364067342147002,2021-09-07 14:00:00,9.354703274804853,0.0,0.0
buy,128,50597.61,long,0.00018469940717615017,9.354703274804853,100,0.009354703274804853,2021-09-07 14:00:00,9.345348571530048,0.00018469940717615017,0.0
sell,128,47753.66,long,0.00018469940717615017,9.354703274804853,100,0.008819546890810716,2021-09-15 14:00:00,8.810727343919906,0.0,0.0
sell,129,47753.66,short,0.0001845037080701229,8.810727343919906,100,1.8450370807012291e-07,2021-09-15 14:00:00,8.810727343919906,0.0,0.0001845037080701229
buy,129,47247.49,short,0.0001845037080701229,8.810727343919906,100,0.008904117585833761,2021-09-20 02:00:00,8.895213468247928,0.0,0.0
buy,130,47247.49,long,0.00018808021875404767,8.895213468247928,100,0.008895213468247927,2021-09-20 02:00:00,8.88631825477968,0.00018808021875404767,0.0
sell,130,42961.48,long,0.00018808021875404767,8.895213468247928,100,0.008079397635778642,2021-09-30 02:00:00,8.071318238142863,0.0,0.0
sell,131,42961.48,short,0.0001878733748963691,8.071318238142863,100,1.878733748963691e-07,2021-09-30 02:00:00,8.071318238142863,0.0,0.0001878733748963691
buy,131,55560.0,short,0.0001878733748963691,8.071318238142863,100,0.00570439176704346,2021-10-12 19:00:00,5.698687375276416,0.0,0.0
buy,132,55560.0,long,0.00010246559913428976,5.698687375276416,100,0.005698687375276416,2021-10-12 19:00:00,5.692988687901139,0.00010246559913428976,0.0
sell,132,59407.55,long,0.00010246559913428976,5.698687375276416,100,0.006087624840002378,2021-10-15 04:00:00,6.081537215162375,0.0,0.0
sell,133,59407.55,short,0.00010236976975422105,6.081537215162375,100,1.0236976975422105e-07,2021-10-15 04:00:00,6.081537215162375,0.0,0.00010236976975422105
buy,133,62823.6,short,0.00010236976975422105,6.081537215162375,100,0.005731836963193468,2021-10-21 17:00:00,5.726105126230275,0.0,0.0
buy,134,62823.6,long,9.105461993747643e-05,5.726105126230275,100,0.005726105126230275,2021-10-21 17:00:00,5.720379021104044,9.105461993747643e-05,0.0
sell,134,62658.47,long,9.105461993747643e-05,5.726105126230275,100,0.005705328120813478,2021-10-25 08:00:00,5.699622792692665,0.0,0.0
sell,135,62658.47,short,9.096332535238516e-05,5.699622792692665,100,9.096332535238517e-08,2021-10-25 08:00:00,5.699622792692665,0.0,9.096332535238516e-05
buy,135,60854.12,short,9.096332535238516e-05,5.699622792692665,100,0.005863752468792242,2021-10-26 22:00:00,5.857888716323449,0.0,0.0
buy,136,60854.12,long,9.616490761195998e-05,5.857888716323449,100,0.00585788871632345,2021-10-26 22:00:00,5.852030827607126,9.616490761195998e-05,0.0
sell,136,61150.61,long,9.616490761195998e-05,5.857888716323449,100,0.005880571301538927,2021-10-28 13:00:00,5.874690730237388,0.0,0.0
sell,137,61150.61,short,9.606920896189568e-05,5.874690730237388,100,9.606920896189568e-08,2021-10-28 13:00:00,5.874690730237388,0.0,9.606920896189568e-05
buy,137,65820.35,short,9.606920896189568e-05,5.874690730237388,100,0.005426072502379665,2021-11-10 21:00:00,5.420646429877285,0.0,0.0
buy,138,65820.35,long,8.227281962869246e-05,5.420646429877285,100,0.005420646429877285,2021-11-10 21:00:00,5.415225783447408,8.227281962869246e-05,0.0
sell,138,65875.89,long,8.227281962869246e-05,5.420646429877285,100,0.0054197997898559926,2021-11-15 01:00:00,5.414379990066136,0.0,0.0
sell,139,65875.89,short,8.219061617332436e-05,5.414379990066136,100,8.219061617332436e-08,2021-11-15 01:00:00,5.414379990066136,0.0,8.219061617332436e-05
buy,139,64037.89,short,8.219061617332436e-05,5.414379990066136,100,0.005565446342592706,2021-11-15 18:00:00,5.559880896250113,0.0,0.0
buy,140,64037.89,long,8.673491608411618e-05,5.559880896250113,100,0.005559880896250113,2021-11-15 18:00:00,5.554321015353863,8.673491608411618e-05,0.0
sell,140,58765.62,long,8.673491608411618e-05,5.559880896250113,100,0.0050965733716873945,2021-11-25 15:00:00,5.091476798315707,0.0,0.0
sell,141,58765.62,short,8.664039957913669e-05,5.091476798315707,100,8.66403995791367e-08,2021-11-25 15:00:00,5.091476798315707,0.0,8.664039957913669e-05
buy,141,56993.79,short,8.664039957913669e-05,5.091476798315707,100,0.005244988857502009,2021-11-26 08:00:00,5.239743868644507,0.0,0.0
buy,142,56993.79,long,9.184341179584412e-05,5.239743868644507,100,0.005239743868644508,2021-11-26 08:00:00,5.234504124775863,9.184341179584412e-05,0.0
sell,142,54962.38,long,9.184341179584412e-05,5.239743868644507,100,0.0050477457412361265,2021-11-28 21:00:00,5.0426979954948905,0.0,0.0
sell,143,54962.38,short,9.174817385082107e-05,5.0426979954948905,100,9.174817385082108e-08,2021-11-28 21:00:00,5.0426979954948905,0.0,9.174817385082107e-05
buy,143,56016.75,short,9.174817385082107e-05,5.0426979954948905,100,0.0049459614734318,2021-12-03 16:00:00,4.941015511958368,0.0,0.0
buy,144,56016.75,long,8.811783076394846e-05,4.941015511958368,100,0.004941015511958368,2021-12-03 16:00:00,4.93607449644641,8.811783076394846e-05,0.0
sell,144,47954.56,long,8.811783076394846e-05,4.941015511958368,100,0.004224940668611777,2021-12-21 04:00:00,4.220715727943165,0.0,0.0
sell,145,47954.56,short,8.801489843600201e-05,4.220715727943165,100,8.801489843600202e-08,2021-12-21 04:00:00,4.220715727943165,0.0,8.801489843600201e-05
buy,145,50068.01,short,8.801489843600201e-05,4.220715727943165,100,0.004034700640843596,2021-12-26 03:00:00,4.030665940202752,0.0,0.0
buy,146,50068.01,long,8.042331369396445e-05,4.030665940202752,100,0.004030665940202752,2021-12-26 03:00:00,4.026635274262549,8.042331369396445e-05,0.0
sell,146,51502.8,long,8.042331369396445e-05,4.030665940202752,100,0.00414214134658984,2021-12-27 17:00:00,4.137999205243251,0.0,0.0
sell,147,51502.8,short,8.034513085197795e-05,4.137999205243251,100,8.034513085197796e-08,2021-12-27 17:00:00,4.137999205243251,0.0,8.034513085197795e-05
buy,147,49821.79,short,8.034513085197795e-05,4.137999205243251,100,0.004273060173656734,2021-12-28 04:00:00,4.268787113483078,0.0,0.0
buy,148,49821.79,long,8.559544581536701e-05,4.268787113483078,100,0.0042687871134830776,2021-12-28 04:00:00,4.264518326369594,8.559544581536701e-05,0.0
sell,148,43293.29,long,8.559544581536701e-05,4.268787113483078,100,0.0037051490891267277,2022-01-12 13:00:00,3.701443940037601,0.0,0.0
sell,149,43293.29,short,8.54969428296533e-05,3.701443940037601,100,8.549694282965329e-08,2022-01-12 13:00:00,3.701443940037601,0.0,8.54969428296533e-05
buy,149,42112.47,short,8.54969428296533e-05,3.701443940037601,100,0.0038024004400697125,2022-01-17 21:00:00,3.7985980396296424,0.0,0.0
buy,150,42112.47,long,9.011106310292445e-05,3.7985980396296424,100,0.0037985980396296423,2022-01-17 21:00:00,3.794799441590013,9.011106310292445e-05,0.0
sell,150,42381.04,long,9.011106310292445e-05,3.7985980396296424,100,0.0038190247951611364,2022-01-20 14:00:00,3.815205770365975,0.0,0.0
sell,151,42381.04,short,9.002152307649778e-05,3.815205770365975,100,9.002152307649778e-08,2022-01-20 14:00:00,3.815205770365975,0.0,9.002152307649778e-05
buy,151,41182.43,short,9.002152307649778e-05,3.815205770365975,100,0.003923106468140696,2022-01-20 23:00:00,3.9191833616725553,0.0,0.0
buy,152,41182.43,long,9.507122766458614e-05,3.9191833616725553,100,0.003919183361672555,2022-01-20 23:00:00,3.9152641783108826,9.507122766458614e-05,0.0
sell,152,37967.36,long,9.507122766458614e-05,3.9191833616725553,100,0.003609297559764756,2022-02-04 15:00:00,3.605688262204991,0.0,0.0
sell,153,37967.36,short,9.496810582049926e-05,3.605688262204991,100,9.496810582049926e-08,2022-02-04 15:00:00,3.605688262204991,0.0,9.496810582049926e-05
buy,153,43234.4,short,9.496810582049926e-05,3.605688262204991,100,0.003105487450124189,2022-02-17 13:00:00,3.1023819626740643,0.0,0.0
buy,154,43234.4,long,7.168549998869858e-05,3.1023819626740643,100,0.0031023819626740646,2022-02-17 13:00:00,3.09927958071139,7.168549998869858e-05,0.0
sell,154,39840.99,long,7.168549998869858e-05,3.1023819626740643,100,0.0028557777864004295,2022-02-28 15:00:00,2.852922008614029,0.0,0.0
sell,155,39840.99,short,7.160770875959731e-05,2.852922008614029,100,7.160770875959731e-08,2022-02-28 15:00:00,2.852922008614029,0.0,7.160770875959731e-05
buy,155,41618.47,short,7.160770875959731e-05,2.852922008614029,100,0.00272564073844802,2022-03-04 01:00:00,2.722915097709572,0.0,0.0
buy,156,41618.47,long,6.536021585156453e-05,2.722915097709572,100,0.002722915097709572,2022-03-04 01:00:00,2.7201921826118625,6.536021585156453e-05,0.0
sell,156,39428.98,long,6.536021585156453e-05,2.722915097709572,100,0.002576943394819228,2022-03-09 03:00:00,2.574366451424409,0.0,0.0
sell,157,39428.98,short,6.529122618501438e-05,2.574366451424409,100,6.529122618501439e-08,2022-03-09 03:00:00,2.574366451424409,0.0,6.529122618501438e-05
buy,157,39562.89,short,6.529122618501438e-05,2.574366451424409,100,0.002565623303325974,2022-03-10 05:00:00,2.563057680022648,0.0,0.0
buy,158,39562.89,long,6.47196052245583e-05,2.563057680022648,100,0.002563057680022648,2022-03-10 05:00:00,2.5604946223426253,6.47196052245583e-05,0.0
sell,158,39530.04,long,6.47196052245583e-05,2.563057680022648,100,0.0025583664551437997,2022-03-16 02:00:00,2.555808088688656,0.0,0.0
sell,159,39530.04,short,6.4654831836463e-05,2.555808088688656,100,6.4654831836463e-08,2022-03-16 02:00:00,2.555808088688656,0.0,6.4654831836463e-05
buy,159,41312.16,short,6.4654831836463e-05,2.555808088688656,100,0.0024405854197762583,2022-03-20 17:00:00,2.438144834356482,0.0,0.0
buy,160,41312.16,long,5.8958589662756076e-05,2.438144834356482,100,0.002438144834356482,2022-03-20 17:00:00,2.4357066895221253,5.8958589662756076e-05,0.0
sell,160,42240.26,long,5.8958589662756076e-05,2.438144834356482,100,0.0024904809308294363,2022-03-22 04:00:00,2.487990449898607,0.0,0.0
sell,161,42240.26,short,5.890092650704818e-05,2.487990449898607,100,5.8900926507048185e-08,2022-03-22 04:00:00,2.487990449898607,0.0,5.890092650704818e-05
buy,161,46463.78,short,5.890092650704818e-05,2.487990449898607,100,0.0022392212087775595,2022-03-31 16:00:00,2.236981987568782,0.0,0.0
buy,162,46463.78,long,4.809649592825235e-05,2.236981987568782,100,0.002236981987568782,2022-03-31 16:00:00,2.234745005581213,4.809649592825235e-05,0.0
sell,162,40647.34,long,4.809649592825235e-05,2.236981987568782,100,0.0019547145923910986,2022-04-18 19:00:00,1.9527598777987076,0.0,0.0
sell,163,40647.34,short,4.804151705372868e-05,1.9527598777987076,100,4.804151705372868e-08,2022-04-18 19:00:00,1.9527598777987076,0.0,4.804151705372868e-05
buy,163,40235.66,short,4.804151705372868e-05,1.9527598777987076,100,0.0019725376095393863,2022-04-22 14:00:00,1.9705650719298469,0.0,0.0
buy,164,40235.66,long,4.8926611539562586e-05,1.9705650719298469,100,0.0019705650719298467,2022-04-22 14:00:00,1.968594506857917,4.8926611539562586e-05,0.0
sell,164,40358.2,long,4.8926611539562586e-05,1.9705650719298469,100,0.001974595975304421,2022-04-25 23:00:00,1.9726213793291167,0.0,0.0
sell,165,40358.2,short,4.887783348437534e-05,1.9726213793291167,100,4.887783348437534e-08,2022-04-25 23:00:00,1.9726213793291167,0.0,4.887783348437534e-05
buy,165,39269.0,short,4.887783348437534e-05,1.9726213793291167,100,0.002025859115560298,2022-04-26 15:00:00,2.0238332564447377,0.0,0.0
buy,166,39269.0,long,5.148614487734073e-05,2.0238332564447377,100,0.002023833256444738,2022-04-26 15:00:00,2.021809423188293,5.148614487734073e-05,0.0
sell,166,38686.2,long,5.148614487734073e-05,2.0238332564447377,100,0.0019917732617923825,2022-05-04 08:00:00,1.9897814885305902,0.0,0.0
sell,167,38686.2,short,5.143388310380938e-05,1.9897814885305902,100,5.143388310380938e-08,2022-05-04 08:00:00,1.9897814885305902,0.0,5.143388310380938e-05
buy,167,38973.15,short,5.143388310380938e-05,1.9897814885305902,100,0.001975022535773952,2022-05-05 14:00:00,1.973047513238178,0.0,0.0
buy,168,38973.15,long,5.0575189989131994e-05,1.973047513238178,100,0.001973047513238178,2022-05-05 14:00:00,1.9710744657249397,5.0575189989131994e-05,0.0
sell,168,31052.28,long,5.0575189989131994e-05,1.973047513238178,100,0.0015700739600900888,2022-05-15 23:00:00,1.5685038861299987,0.0,0.0
sell,169,31052.28,short,5.0511713991049895e-05,1.5685038861299987,100,5.0511713991049897e-08,2022-05-15 23:00:00,1.5685038861299987,0.0,5.0511713991049895e-05
buy,169,29198.76,short,5.0511713991049895e-05,1.5685038861299987,100,0.0016621283582466896,2022-05-18 15:00:00,1.6604662298884427,0.0,0.0
buy,170,29198.76,long,5.681082907830861e-05,1.6604662298884427,100,0.0016604662298884427,2022-05-18 15:00:00,1.6588057636585543,5.681082907830861e-05,0.0
sell,170,29521.06,long,5.681082907830861e-05,1.6604662298884427,100,0.0016771342223291638,2022-05-22 09:00:00,1.6754570881068347,0.0,0.0
sell,171,29521.06,short,5.675463848882237e-05,1.6754570881068347,100,5.6754638488822374e-08,2022-05-22 09:00:00,1.6754570881068347,0.0,5.675463848882237e-05
buy,171,29859.06,short,5.675463848882237e-05,1.6754570881068347,100,0.0016562740202976127,2022-05-23 19:00:00,1.654617746277315,0.0,0.0
buy,172,29859.06,long,5.5358846813363776e-05,1.654617746277315,100,0.001654617746277315,2022-05-23 19:00:00,1.6529631285310378,5.5358846813363776e-05,0.0
sell,172,29296.16,long,5.5358846813363776e-05,1.654617746277315,100,0.0016217704409722364,2022-05-30 01:00:00,1.6201486705312642,0.0,0.0
sell,173,29296.16,short,5.530242429489954e-05,1.6201486705312642,100,5.530242429489954e-08,2022-05-30 01:00:00,1.6201486705312642,0.0,5.530242429489954e-05
buy,173,30700.83,short,5.530242429489954e-05,1.6201486705312642,100,0.0015424670141969477,2022-06-01 16:00:00,1.5409245471827506,0.0,0.0
buy,174,30700.83,long,5.0141433395630276e-05,1.5409245471827506,100,0.0015409245471827507,2022-06-01 16:00:00,1.539383622635568,5.0141433395630276e-05,0.0
sell,174,30277.89,long,5.0141433395630276e-05,1.5409245471827506,100,0.0015181555767493338,2022-06-06 01:00:00,1.5166374211725844,0.0,0.0
sell,175,30277.89,short,5.0090591556168027e-05,1.5166374211725844,100,5.009059155616803e-08,2022-06-06 01:00:00,1.5166374211725844,0.0,5.0090591556168027e-05
buy,175,31356.5,short,5.0090591556168027e-05,1.5166374211725844,100,0.001462609208214186,2022-06-07 00:00:00,1.4611465990059718,0.0,0.0
buy,176,31356.5,long,4.655128768858022e-05,1.4611465990059718,100,0.0014611465990059717,2022-06-07 00:00:00,1.4596854524069658,4.655128768858022e-05,0.0
sell,176,30175.88,long,4.655128768858022e-05,1.4611465990059718,100,0.0014046710567404076,2022-06-07 19:00:00,1.4032663856836673,0.0,0.0
sell,177,30175.88,short,4.650291509920066e-05,1.4032663856836673,100,4.6502915099200666e-08,2022-06-07 19:00:00,1.4032663856836673,0.0,4.650291509920066e-05
buy,177,29612.32,short,4.650291509920066e-05,1.4032663856836673,100,0.001429473568516973,2022-06-10 13:00:00,1.428044094948456,0.0,0.0
buy,178,29612.32,long,4.817643639044518e-05,1.428044094948456,100,0.001428044094948456,2022-06-10 13:00:00,1.4266160508535075,4.817643639044518e-05,0.0
sell,178,19455.67,long,4.817643639044518e-05,1.428044094948456,100,0.0009368150471848237,2022-07-04 11:00:00,0.9358782321376389,0.0,0.0
sell,179,19455.67,short,4.810310989740466e-05,0.9358782321376389,100,4.810310989740466e-08,2022-07-04 11:00:00,0.9358782321376389,0.0,4.810310989740466e-05
buy,179,21062.53,short,4.810310989740466e-05,0.9358782321376389,100,0.0008585832689678952,2022-07-10 14:00:00,0.8577246856989272,0.0,0.0
buy,180,21062.53,long,4.068205296387606e-05,0.8577246856989272,100,0.0008577246856989272,2022-07-10 14:00:00,0.8568669610132283,4.068205296387606e-05,0.0
sell,180,20942.93,long,4.068205296387606e-05,0.8577246856989272,100,0.0008519965170347704,2022-07-16 16:00:00,0.8511445205177356,0.0,0.0
sell,181,20942.93,short,4.0641138585562554e-05,0.8511445205177356,100,4.0641138585562556e-08,2022-07-16 16:00:00,0.8511445205177356,0.0,4.0641138585562554e-05
buy,181,22520.96,short,4.0641138585562554e-05,0.8511445205177356,100,0.0007870115845955604,2022-07-23 11:00:00,0.7862245730109648,0.0,0.0
buy,182,22520.96,long,3.487588221985004e-05,0.7862245730109648,100,0.0007862245730109648,2022-07-23 11:00:00,0.7854383484379539,3.487588221985004e-05,0.0
sell,182,21635.42,long,3.487588221985004e-05,0.7862245730109648,100,0.0007545234447933433,2022-07-27 18:00:00,0.75376892134855,0.0,0.0
sell,183,21635.42,short,3.483957886412883e-05,0.75376892134855,100,3.483957886412883e-08,2022-07-27 18:00:00,0.75376892134855,0.0,3.483957886412883e-05
buy,183,23313.57,short,3.483957886412883e-05,0.75376892134855,100,0.000695302882077712,2022-08-01 10:00:00,0.6946075791956343,0.0,0.0
buy,184,23313.57,long,2.9764337749063687e-05,0.6946075791956343,100,0.0006946075791956344,2022-08-01 10:00:00,0.6939129716164387,2.9764337749063687e-05,0.0
sell,184,23440.01,long,2.9764337749063687e-05,0.6946075791956343,100,0.0006976801416514653,2022-08-08 06:00:00,0.6969824615098138,0.0,0.0
sell,185,23440.01,short,2.973473396597586e-05,0.6969824615098138,100,2.973473396597586e-08,2022-08-08 06:00:00,0.6969824615098138,0.0,2.973473396597586e-05
buy,185,23367.8,short,2.973473396597586e-05,0.6969824615098138,100,0.0006991296066494969,2022-08-09 11:00:00,0.6984304770428473,0.0,0.0
buy,186,23367.8,long,2.985869643551402e-05,0.6984304770428473,100,0.0006984304770428474,2022-08-09 11:00:00,0.6977320465658045,2.985869643551402e-05,0.0
sell,186,23127.85,long,2.985869643551402e-05,0.6984304770428473,100,0.0006905602805901272,2022-08-10 12:00:00,0.6898697203095371,0.0,0.0
sell,187,23127.85,short,2.982852795696691e-05,0.6898697203095371,100,2.982852795696691e-08,2022-08-10 12:00:00,0.6898697203095371,0.0,2.982852795696691e-05
buy,187,23202.58,short,2.982852795696691e-05,0.6898697203095371,100,0.0006876406344153129,2022-08-19 00:00:00,0.6869529937808976,0.0,0.0
buy,188,23202.58,long,2.9577143610198377e-05,0.6869529937808976,100,0.0006869529937808976,2022-08-19 00:00:00,0.6862660407871167,2.9577143610198377e-05,0.0
sell,188,19406.94,long,2.9577143610198377e-05,0.6869529937808976,100,0.0005738894748485648,2022-09-09 03:00:00,0.5733155853737162,0.0,0.0
sell,189,19406.94,short,2.9541781722090973e-05,0.5733155853737162,100,2.9541781722090972e-08,2022-09-09 03:00:00,0.5733155853737162,0.0,2.9541781722090973e-05
buy,189,21429.39,short,2.9541781722090973e-05,0.5733155853737162,100,0.0005135688089298733,2022-09-13 13:00:00,0.5130552401209435,0.0,0.0
buy,190,21429.39,long,2.3917721637471836e-05,0.5130552401209435,100,0.0005130552401209435,2022-09-13 13:00:00,0.5125421848808226,2.3917721637471836e-05,0.0
sell,190,19243.91,long,2.3917721637471836e-05,0.5130552401209435,100,0.00046021815857025006,2022-09-21 17:00:00,0.45975794041167983,0.0,0.0
sell,191,19243.91,short,2.3891087643398864e-05,0.45975794041167983,100,2.3891087643398865e-08,2022-09-21 17:00:00,0.45975794041167983,0.0,2.3891087643398864e-05
buy,191,19001.58,short,2.3891087643398864e-05,0.45975794041167983,100,0.00046554746768030466,2022-09-28 02:00:00,0.46508192021262434,0.0,0.0
buy,192,19001.58,long,2.4451484470891983e-05,0.46508192021262434,100,0.00046508192021262436,2022-09-28 02:00:00,0.46461683829241174,2.4451484470891983e-05,0.0
sell,192,19617.88,long,2.4451484470891983e-05,0.46508192021262434,100,0.00047970137270623634,2022-10-04 06:00:00,0.47922167133353005,0.0,0.0
sell,193,19617.88,short,2.4427801135164964e-05,0.47922167133353005,100,2.4427801135164963e-08,2022-10-04 06:00:00,0.47922167133353005,0.0,2.4427801135164964e-05
buy,193,20004.47,short,2.4427801135164964e-05,0.47922167133353005,100,0.0004697781276926866,2022-10-07 12:00:00,0.46930834956499395,0.0,0.0
buy,194,20004.47,long,2.343671395520246e-05,0.46930834956499395,100,0.00046930834956499396,2022-10-07 12:00:00,0.46883904121542896,2.343671395520246e-05,0.0
sell,194,19413.78,long,2.343671395520246e-05,0.46930834956499395,100,0.00045498135095897393,2022-10-14 01:00:00,0.45452636960801496,0.0,0.0
sell,195,19413.78,short,2.3412564148147087e-05,0.45452636960801496,100,2.3412564148147087e-08,2022-10-14 01:00:00,0.45452636960801496,0.0,2.3412564148147087e-05
buy,195,19128.09,short,2.3412564148147087e-05,0.45452636960801496,100,0.0004612151050594991,2022-10-20 00:00:00,0.4607538899544396,0.0,0.0
buy,196,19128.09,long,2.406372701427509e-05,0.4607538899544396,100,0.0004607538899544396,2022-10-20 00:00:00,0.4602931360644852,2.406372701427509e-05,0.0
sell,196,19181.99,long,2.406372701427509e-05,0.4607538899544396,100,0.00046159146928377386,2022-10-23 17:00:00,0.4611298778144901,0.0,0.0
sell,197,19181.99,short,2.4039730904587587e-05,0.4611298778144901,100,2.4039730904587587e-08,2022-10-23 17:00:00,0.4611298778144901,0.0,2.4039730904587587e-05
buy,197,21131.55,short,2.4039730904587587e-05,0.4611298778144901,100,0.00041426298003214234,2022-11-06 23:00:00,0.4138487170521102,0.0,0.0
buy,198,21131.55,long,1.9564815090944966e-05,0.4138487170521102,100,0.0004138487170521102,2022-11-06 23:00:00,0.41343486833505805,1.9564815090944966e-05,0.0
sell,198,16192.0,long,1.9564815090944966e-05,0.4138487170521102,100,0.0003166967478320779,2022-11-23 02:00:00,0.3163800510842458,0.0,0.0
sell,199,16192.0,short,1.9539281811032965e-05,0.3163800510842458,100,1.9539281811032966e-08,2022-11-23 02:00:00,0.3163800510842458,0.0,1.9539281811032965e-05
buy,199,16441.14,short,1.9539281811032965e-05,0.3163800510842458,100,0.000311512034413845,2022-11-28 01:00:00,0.3112005223794312,0.0,0.0
buy,200,16441.14,long,1.8909231467954885e-05,0.3112005223794312,100,0.0003112005223794312,2022-11-28 01:00:00,0.31088932185705176,1.8909231467954885e-05,0.0
sell,200,16435.01,long,1.8909231467954885e-05,0.3112005223794312,100,0.00031077329223853467,2022-11-30 00:00:00,0.3104625189462961,0.0,0.0
sell,201,16435.01,short,1.889031518364127e-05,0.3104625189462961,100,1.8890315183641273e-08,2022-11-30 00:00:00,0.3104625189462961,0.0,1.889031518364127e-05
buy,201,16950.52,short,1.889031518364127e-05,0.3104625189462961,100,0.0003007243725659772,2022-12-07 07:00:00,0.3004236481934112,0.0,0.0
buy,202,16950.52,long,1.7705841740856196e-05,0.3004236481934112,100,0.00030042364819341124,2022-12-07 07:00:00,0.3001232245452178,1.7705841740856196e-05,0.0
sell,202,16978.43,long,1.7705841740856196e-05,0.3004236481934112,100,0.00030061788925291277,2022-12-08 18:00:00,0.3003172713636599,0.0,0.0
sell,203,16978.43,short,1.7688165004871468e-05,0.3003172713636599,100,1.7688165004871467e-08,2022-12-08 18:00:00,0.3003172713636599,0.0,1.7688165004871468e-05
buy,203,17097.65,short,1.7688165004871468e-05,0.3003172713636599,100,0.00029820848833177904,2022-12-12 00:00:00,0.29791027984344726,0.0,0.0
buy,204,17097.65,long,1.740662427664643e-05,0.29791027984344726,100,0.00029791027984344727,2022-12-12 00:00:00,0.2976123695636038,1.740662427664643e-05,0.0
sell,204,17119.43,long,1.740662427664643e-05,0.29791027984344726,100,0.00029799186533612166,2022-12-12 21:00:00,0.2976938734707855,0.0,0.0
sell,205,17119.43,short,1.738923979774943e-05,0.2976938734707855,100,1.7389239797749428e-08,2022-12-12 21:00:00,0.2976938734707855,0.0,1.738923979774943e-05
buy,205,17470.0,short,1.738923979774943e-05,0.2976938734707855,100,0.0002915977276748885,2022-12-16 10:00:00,0.2913061299472136,0.0,0.0
buy,206,17470.0,long,1.6657975032470886e-05,0.2913061299472136,100,0.0002913061299472136,2022-12-16 10:00:00,0.2910148238172664,1.6657975032470886e-05,0.0
sell,206,16634.54,long,1.6657975032470886e-05,0.2913061299472136,100,0.00027708382099381483,2023-01-02 07:00:00,0.276806737172821,0.0,0.0
sell,207,16634.54,short,1.6640480420427676e-05,0.276806737172821,100,1.6640480420427675e-08,2023-01-02 07:00:00,0.276806737172821,0.0,1.6640480420427676e-05
buy,207,23076.4,short,1.6640480420427676e-05,0.276806737172821,100,0.00016961109197168478,2023-01-30 13:00:00,0.16944148087971309,0.0,0.0
buy,208,23076.4,long,7.3352879738101855e-06,0.16944148087971309,100,0.00016944148087971308,2023-01-30 13:00:00,0.16927203939883337,7.3352879738101855e-06,0.0
sell,208,23380.0,long,7.3352879738101855e-06,0.16944148087971309,100,0.00017150126205033362,2023-02-01 20:00:00,0.17132976078828327,0.0,0.0
sell,209,23380.0,short,7.328047937907753e-06,0.17132976078828327,100,7.3280479379077534e-09,2023-02-01 20:00:00,0.17132976078828327,0.0,7.328047937907753e-06
buy,209,23179.03,short,7.328047937907753e-06,0.17132976078828327,100,0.0001728024785823646,2023-02-05 15:00:00,0.17262967610378224,0.0,0.0
buy,210,23179.03,long,7.4402184400157585e-06,0.17262967610378224,100,0.00017262967610378224,2023-02-05 15:00:00,0.17245704642767845,7.4402184400157585e-06,0.0
sell,210,21729.02,long,7.4402184400157585e-06,0.17262967610378224,100,0.0001616578560971407,2023-02-14 14:00:00,0.16149619824104353,0.0,0.0
sell,211,21729.02,short,7.432281724672513e-06,0.16149619824104353,100,7.4322817246725134e-09,2023-02-14 14:00:00,0.16149619824104353,0.0,7.432281724672513e-06
buy,211,23726.4,short,7.432281724672513e-06,0.16149619824104353,100,0.00014665110736981711,2023-02-22 16:00:00,0.14650445626244732,0.0,0.0
buy,212,23726.4,long,6.1685696863487455e-06,0.14650445626244732,100,0.00014650445626244733,2023-02-22 16:00:00,0.14635795180618488,6.1685696863487455e-06,0.0
sell,212,23511.82,long,6.1685696863487455e-06,0.14650445626244732,100,0.00014503297514622821,2023-02-26 20:00:00,0.14488794217108197,0.0,0.0
sell,213,23511.82,short,6.16234481937519e-06,0.14488794217108197,100,6.16234481937519e-09,2023-02-26 20:00:00,0.14488794217108197,0.0,6.16234481937519e-06
buy,213,23414.54,short,6.16234481937519e-06,0.14488794217108197,100,0.00014548741507511078,2023-03-03 01:00:00,0.14534192766003567,0.0,0.0
buy,214,23414.54,long,6.201129116026864e-06,0.14534192766003567,100,0.00014534192766003568,2023-03-03 01:00:00,0.14519658573237565,6.201129116026864e-06,0.0
sell,214,22413.76,long,6.201129116026864e-06,0.14534192766003567,100,0.00013898440755746337,2023-03-13 00:00:00,0.1388454231499059,0.0,0.0
sell,215,22413.76,short,6.194651104942049e-06,0.1388454231499059,100,6.194651104942049e-09,2023-03-13 00:00:00,0.1388454231499059,0.0,6.194651104942049e-06
buy,215,28019.36,short,6.194651104942049e-06,0.1388454231499059,100,0.00010412068691604274,2023-03-22 19:00:00,0.1040165662291267,0.0,0.0
buy,216,28019.36,long,3.7085982571656727e-06,0.1040165662291267,100,0.0001040165662291267,2023-03-22 19:00:00,0.10391254966289756,3.7085982571656727e-06,0.0
sell,216,27946.27,long,3.7085982571656727e-06,0.1040165662291267,100,0.00010364121688350194,2023-03-26 13:00:00,0.10353757566661843,0.0,0.0
sell,217,27946.27,short,3.7048799595301424e-06,0.10353757566661843,100,3.7048799595301423e-09,2023-03-26 13:00:00,0.10353757566661843,0.0,3.7048799595301424e-06
buy,217,27689.93,short,3.7048799595301424e-06,0.10353757566661843,100,0.0001044872845954444,2023-03-27 14:00:00,0.10438279731084894,0.0,0.0
buy,218,27689.93,long,3.765932760160033e-06,0.10438279731084894,100,0.00010438279731084894,2023-03-27 14:00:00,0.1042784145135381,3.765932760160033e-06,0.0
sell,218,27549.31,long,3.765932760160033e-06,0.10438279731084894,100,0.00010374831895324412,2023-03-29 06:00:00,0.10364457063429088,0.0,0.0
sell,219,27549.31,short,3.7621476049414986e-06,0.10364457063429088,100,3.762147604941498e-09,2023-03-29 06:00:00,0.10364457063429088,0.0,3.7621476049414986e-06
buy,219,28191.55,short,3.7621476049414986e-06,0.10364457063429088,100,0.00010122836895649325,2023-04-02 19:00:00,0.10112714058753675,0.0,0.0
buy,220,28191.55,long,3.5835565425437486e-06,0.10112714058753675,100,0.00010112714058753675,2023-04-02 19:00:00,0.10102601344694921,3.5835565425437486e-06,0.0
sell,220,28130.22,long,3.5835565425437486e-06,0.10112714058753675,100,0.00010080601392467273,2023-04-09 21:00:00,0.10070520791074805,0.0,0.0
sell,221,28130.22,short,3.5799651730682537e-06,0.10070520791074805,100,3.579965173068254e-09,2023-04-09 21:00:00,0.10070520791074805,0.0,3.5799651730682537e-06
buy,221,30307.98,short,3.5799651730682537e-06,0.10070520791074805,100,9.290890295544693e-05,2023-04-17 00:00:00,0.09281599405249148,0.0,0.0
buy,222,30307.98,long,3.0593651592233793e-06,0.09281599405249148,100,9.281599405249148e-05,2023-04-17 00:00:00,0.092723178058439,3.0593651592233793e-06,0.0
sell,222,29867.0,long,3.0593651592233793e-06,0.09281599405249148,100,9.137270874120744e-05,2023-04-18 11:00:00,0.09128133603246623,0.0,0.0
sell,223,29867.0,short,3.056260623178298e-06,0.09128133603246623,100,3.0562606231782982e-09,2023-04-18 11:00:00,0.09128133603246623,0.0,3.056260623178298e-06
buy,223,30082.44,short,3.056260623178298e-06,0.09128133603246623,100,9.06228952438087e-05,2023-04-19 08:00:00,0.0905322723485649,0.0,0.0
buy,224,30082.44,long,3.006462909132914e-06,0.0905322723485649,100,9.05322723485649e-05,2023-04-19 08:00:00,0.09044174007621633,3.006462909132914e-06,0.0
sell,224,27609.13,long,3.006462909132914e-06,0.0905322723485649,100,8.299838194029289e-05,2023-04-25 20:00:00,0.0829153835583526,0.0,0.0
sell,225,27609.13,short,3.003187118114645e-06,0.0829153835583526,100,3.003187118114645e-09,2023-04-25 20:00:00,0.0829153835583526,0.0,3.003187118114645e-06
buy,225,29320.0,short,3.003187118114645e-06,0.0829153835583526,100,7.77773208135838e-05,2023-05-01 01:00:00,0.07769954349277021,0.0,0.0
buy,226,29320.0,long,2.647402590357348e-06,0.07769954349277021,100,7.769954349277021e-05,2023-05-01 01:00:00,0.07762184394927744,2.647402590357348e-06,0.0
sell,226,27679.06,long,2.647402590357348e-06,0.07769954349277021,100,7.327326656527246e-05,2023-05-10 12:00:00,0.07319999329870719,0.0,0.0
sell,227,27679.06,short,2.644598237754721e-06,0.07319999329870719,100,2.644598237754721e-09,2023-05-10 12:00:00,0.07319999329870719,0.0,2.644598237754721e-06
buy,227,27142.69,short,2.644598237754721e-06,0.07319999329870719,100,7.461847645549169e-05,2023-05-11 17:00:00,0.07454385797903619,0.0,0.0
buy,228,27142.69,long,2.7436232046660506e-06,0.07454385797903619,100,7.454385797903619e-05,2023-05-11 17:00:00,0.07446931412105716,2.7436232046660506e-06,0.0
sell,228,26969.18,long,2.7436232046660506e-06,0.07454385797903619,100,7.399279153623073e-05,2023-05-14 15:00:00,0.0739187987446945,0.0,0.0
sell,229,26969.18,short,2.740861929976903e-06,0.0739187987446945,100,2.740861929976903e-09,2023-05-14 15:00:00,0.0739187987446945,0.0,2.740861929976903e-06
buy,229,26874.04,short,2.740861929976903e-06,0.0739187987446945,100,7.417956434871249e-05,2023-05-17 11:00:00,0.07410538478436378,0.0,0.0
buy,230,26874.04,long,2.754750658984634e-06,0.07410538478436378,100,7.410538478436378e-05,2023-05-17 11:00:00,0.07403127939957942,2.754750658984634e-06,0.0
sell,230,26928.5,long,2.754750658984634e-06,0.07410538478436378,100,7.418145329436251e-05,2023-05-20 17:00:00,0.07410727184106813,0.0,0.0
sell,231,26928.5,short,2.752001479513086e-06,0.07410727184106813,100,2.752001479513086e-09,2023-05-20 17:00:00,0.07410727184106813,0.0,2.752001479513086e-06
buy,231,26756.46,short,2.752001479513086e-06,0.07410727184106813,100,7.458072617560356e-05,2023-05-22 00:00:00,0.07450614544942795,0.0,0.0
buy,232,26756.46,long,2.781819392549632e-06,0.07450614544942795,100,7.450614544942795e-05,2023-05-22 00:00:00,0.07443163930397852,2.781819392549632e-06,0.0
sell,232,27139.15,long,2.781819392549632e-06,0.07450614544942795,100,7.549727940741679e-05,2023-05-23 03:00:00,0.07542178212800936,0.0,0.0
sell,233,27139.15,short,2.7790767996790375e-06,0.07542178212800936,100,2.7790767996790375e-09,2023-05-23 03:00:00,0.07542178212800936,0.0,2.7790767996790375e-06
buy,233,27175.9,short,2.7790767996790375e-06,0.07542178212800936,100,7.531965105562116e-05,2023-05-24 03:00:00,0.07524433140456555,0.0,0.0
buy,234,27175.9,long,2.766020152898744e-06,0.07524433140456555,100,7.524433140456555e-05,2023-05-24 03:00:00,0.07516908707316099,2.766020152898744e-06,0.0
sell,234,26864.66,long,2.766020152898744e-06,0.07524433140456555,100,7.430732920290252e-05,2023-05-28 00:00:00,0.07423302187369962,0.0,0.0
sell,235,26864.66,short,2.7632220870727426e-06,0.07423302187369962,100,2.7632220870727425e-09,2023-05-28 00:00:00,0.07423302187369962,0.0,2.7632220870727426e-06
buy,235,27665.34,short,2.7632220870727426e-06,0.07423302187369962,100,7.202056521302222e-05,2023-05-31 04:00:00,0.0719485446478092,0.0,0.0
buy,236,27665.34,long,2.5980738390766707e-06,0.0719485446478092,100,7.19485446478092e-05,2023-05-31 04:00:00,0.07187659610316138,2.5980738390766707e-06,0.0
sell,236,26711.93,long,2.5980738390766707e-06,0.0719485446478092,100,6.93970870151593e-05,2023-06-06 19:00:00,0.06932768992814414,0.0,0.0
sell,237,26711.93,short,2.5953830340280222e-06,0.06932768992814414,100,2.5953830340280224e-09,2023-06-06 19:00:00,0.06932768992814414,0.0,2.5953830340280222e-06
buy,237,26330.13,short,2.5953830340280222e-06,0.06932768992814414,100,7.031860717053603e-05,2023-06-10 04:00:00,0.0702482885633655,0.0,0.0
buy,238,26330.13,long,2.6653130947246418e-06,0.0702482885633655,100,7.02482885633655e-05,2023-06-10 04:00:00,0.07017804027480214,2.6653130947246418e-06,0.0
sell,238,25817.96,long,2.6653130947246418e-06,0.0702482885633655,100,6.881158040720941e-05,2023-06-16 16:00:00,0.0687427688268022,0.0,0.0
sell,239,25817.96,short,2.6625949078394346e-06,0.0687427688268022,100,2.6625949078394346e-09,2023-06-16 16:00:00,0.0687427688268022,0.0,2.6625949078394346e-06
buy,239,30684.92,short,2.6625949078394346e-06,0.0687427688268022,100,5.5784025914144e-05,2023-07-05 10:00:00,0.055728241888229856,0.0,0.0
buy,240,30684.92,long,1.814328134026148e-06,0.055728241888229856,100,5.5728241888229857e-05,2023-07-05 10:00:00,0.055672513646341626,1.814328134026148e-06,0.0
sell,240,30823.06,long,1.814328134026148e-06,0.055728241888229856,100,5.592339581694661e-05,2023-07-06 08:00:00,0.05586747242112966,0.0,0.0
sell,241,30823.06,short,1.8125219371837078e-06,0.05586747242112966,100,1.8125219371837077e-09,2023-07-06 08:00:00,0.05586747242112966,0.0,1.8125219371837078e-06
buy,241,30710.17,short,1.8125219371837078e-06,0.05586747242112966,100,5.6072088022618336e-05,2023-07-14 18:00:00,0.056016015934595716,0.0,0.0
buy,242,30710.17,long,1.8221976602103188e-06,0.056016015934595716,100,5.601601593459572e-05,2023-07-14 18:00:00,0.05595999991866112,1.8221976602103188e-06,0.0
sell,242,29953.42,long,1.8221976602103188e-06,0.056016015934595716,100,5.457967151088919e-05,2023-07-23 17:00:00,0.0545250918393783,0.0,0.0
sell,243,29953.42,short,1.8203294261349224e-06,0.0545250918393783,100,1.8203294261349225e-09,2023-07-23 17:00:00,0.0545250918393783,0.0,1.8203294261349224e-06
buy,243,29756.89,short,1.8203294261349224e-06,0.0545250918393783,100,5.488284118149659e-05,2023-07-24 09:00:00,0.05482795834031509,0.0,0.0
buy,244,29756.89,long,1.840687329286588e-06,0.05482795834031509,100,5.482795834031509e-05,2023-07-24 09:00:00,0.054773130381974774,1.840687329286588e-06,0.0
sell,244,29405.75,long,1.840687329286588e-06,0.05482795834031509,100,5.412614444723434e-05,2023-07-26 20:00:00,0.05407201830278711,0.0,0.0
sell,245,29405.75,short,1.838824661938128e-06,0.05407201830278711,100,1.8388246619381282e-09,2023-07-26 20:00:00,0.05407201830278711,0.0,1.838824661938128e-06
buy,245,29192.25,short,1.838824661938128e-06,0.05407201830278711,100,5.4464607368110896e-05,2023-08-01 02:00:00,0.05441014276074278,0.0,0.0
buy,246,29192.25,long,1.8619918854484337e-06,0.05441014276074278,100,5.4410142760742785e-05,2023-08-01 02:00:00,0.05435573261798204,1.8619918854484337e-06,0.0
sell,246,29236.21,long,1.8619918854484337e-06,0.05441014276074278,100,5.443766771636474e-05,2023-08-01 23:00:00,0.05438323004864837,0.0,0.0
sell,247,29236.21,short,1.8601326932816657e-06,0.05438323004864837,100,1.8601326932816656e-09,2023-08-01 23:00:00,0.05438323004864837,0.0,1.8601326932816657e-06
buy,247,29277.61,short,1.8601326932816657e-06,0.05438323004864837,100,5.430622055514651e-05,2023-08-14 00:00:00,0.05425191433459136,0.0,0.0
buy,248,29277.61,long,1.8511641633404082e-06,0.05425191433459136,100,5.425191433459136e-05,2023-08-14 00:00:00,0.05419766242025677,1.8511641633404082e-06,0.0
sell,248,29561.51,long,1.8511641633404082e-06,0.05425191433459136,100,5.472373399780666e-05,2023-08-14 16:00:00,0.05466901026380885,0.0,0.0
sell,249,29561.51,short,1.8493307772102592e-06,0.05466901026380885,100,1.8493307772102592e-09,2023-08-14 16:00:00,0.05466901026380885,0.0,1.8493307772102592e-06
buy,249,28885.01,short,1.8493307772102592e-06,0.05466901026380885,100,5.592008253459159e-05,2023-08-16 23:00:00,0.055864162452057,0.0,0.0
buy,250,28885.01,long,1.93208512960892e-06,0.055864162452057,100,5.5864162452057e-05,2023-08-16 23:00:00,0.05580829828960494,1.93208512960892e-06,0.0
sell,250,26386.69,long,1.93208512960892e-06,0.055864162452057,100,5.097649956988066e-05,2023-08-23 17:00:00,0.050925523070310785,0.0,0.0
sell,251,26386.69,short,1.929970112595054e-06,0.050925523070310785,100,1.929970112595054e-09,2023-08-23 17:00:00,0.050925523070310785,0.0,1.929970112595054e-06
buy,251,26930.94,short,1.929970112595054e-06,0.050925523070310785,100,4.987513683653093e-05,2023-08-31 16:00:00,0.049825261699694395,0.0,0.0
buy,252,26930.94,long,1.848262126683833e-06,0.049825261699694395,100,4.98252616996944e-05,2023-08-31 16:00:00,0.0497754364379947,1.848262126683833e-06,0.0
sell,252,26000.77,long,1.848262126683833e-06,0.049825261699694395,100,4.805451753671593e-05,2023-09-07 21:00:00,0.04800646301917921,0.0,0.0
sell,253,26000.77,short,1.8463477435160272e-06,0.04800646301917921,100,1.8463477435160271e-09,2023-09-07 21:00:00,0.04800646301917921,0.0,1.8463477435160272e-06
buy,253,25781.56,short,1.8463477435160272e-06,0.04800646301917921,100,4.841120090803536e-05,2023-09-10 17:00:00,0.04836278970712732,0.0,0.0
buy,254,25781.56,long,1.8739916016494031e-06,0.04836278970712732,100,4.8362789707127316e-05,2023-09-10 17:00:00,0.04831442691742019,1.8739916016494031e-06,0.0
sell,254,25846.85,long,1.8739916016494031e-06,0.04836278970712732,100,4.8436902304478925e-05,2023-09-12 10:00:00,0.048388465402174445,0.0,0.0
sell,255,25846.85,short,1.8721223438126676e-06,0.048388465402174445,100,1.8721223438126678e-09,2023-09-12 10:00:00,0.048388465402174445,0.0,1.8721223438126676e-06
buy,255,26639.03,short,1.8721223438126676e-06,0.048388465402174445,100,4.6905407523852926e-05,2023-09-21 13:00:00,0.04685850211632907,0.0,0.0
buy,256,26639.03,long,1.757257813599547e-06,0.04685850211632907,100,4.685850211632907e-05,2023-09-21 13:00:00,0.046811643614212736,1.757257813599547e-06,0.0
